JABROI
1 
20 
20 
10 
2 
10 
11 
4 
0 
878 
0 
31 
221 
28 
220 
28 
206 
28 
210 
28 
0 
28 
0 
28 
0 
28 
0 
45 
46 
0 
0 
0 
0 
0 
0 
0 
0 
0 
2 
1 
0 
0 
0 
2 
0 
0 
0 
0 
0 
7 
0 
0 
79 
10 
327 
0 
1 
0 
0 
1 
1 
1 
1 
4 
1 
1 
0 
0 
0 
7 
2 
1 
6 
1 
5 
0 
-1 
0 
0 
1 
0 
0 
0 
2 
0 
1 
1 
1 
191 
26 
0 
2 
0 
1 
0 
1 
0 
1 
0 
4 
0 
0 
0 
0 
24 
0 
24 
0 
8 
1 
0 
0 
1 
0 
0 
1 
0 
4 
2 
2 
1 
0 
3 
0 
0 
3 
0 
1 
5 
1 
0 
1 
0 
0 
1 
1 
1 
2 
1 
1 
1 
0 
1 
0 
0 
0 
0 
0 
0 
0 
0 
0 
0 
0 
0 
0 
0 
0 
0 
1 
1 
0 
1 
1 
1 
1 
0 
0 
1 
1 
0 
0 
1 
1 
1 
0 
1 
1 
1 
1 
1 
1 
1 
1 
1 
0 
0 
0 
0 
0 
0 
0 
0 
0 
0 
0 
0 
0 
0 
0 
0 
0 
0 
0 
0 
0 
0 
0 
0 
0 
0 
0 
0 
0 
0 
0 
0 
0 
0 
0 
0 
0 
0 
0 
0 
0 
0 
0 
0 
205 
0 
0 
0 
0 
0 
0 
0 
0 
0 
0 
0 
0 
0 
0 
0 
0 
0 
0 
0 
0 
0 
0 
0 
0 
0 
0 
0 
0 
0 
0 
0 
0 
0 
0 
0 
0 
0 
0 
0 
0 
0 
0 
0 
0 
0 
0 
0 
0 
0 
1 
0 
0 
0 
1 
0 
0 
0 
0 
0 
1 
0 
0 
0 
0 
0 
0 
0 
0 
0 
1 
0 
0 
0 
0 
2 
0 
0 
0 
0 
2 
0 
0 
1 
0 
0 
0 
0 
0 
1 
0 
0 
0 
0 
0 
0 
0 
0 
0 
0 
14 
4 
12 
25 
3 
13 
47 
24 
16 
0 
999 
0 
28 
28 
0 
0 
0 
0 
0 
0 
0 
0 
0 
0 
0 
0 
0 
0 
0 
0 
0 
0 
0 
0 
0 
0 
0 
0 
0 
0 
0 
0 
0 
0 
0 
0 
0 
0 
0 
0 
0 
1500 
1 
0 
2 
1 
1 
4 
3 
0 
0 
0 
0 
0 
0 
0 
0 
0 
0 
26 
2 
1 
0 
1 
1 
1 
0 
0 
30 
1 
0 
0 
333 
631 
0 
2 
1 
0 
0 
5 
0 
1 
0 
0 
0 
6 
6 
0 
5 
1 
1 
0 
0 
0 
0 
0 
0 
0 
5 
1 
0 
0 
0 
2 
0 
0 
1 
1 
1 
1 
0 
3 
0 
0 
0 
0 
2 
0 
0 
0 
2 
1 
1 
0 
1 
0 
0 
0 
0 
0 
2 
0 
0 
0 
0 
0 
0 
0 
0 
0 
0 
0 
0 
0 
0 
0 
0 
0 
1 
3 
3 
0 
0 
0 
0 
1 
0 
0 
0 
0 
0 
0 
0 
0 
0 
0 
0 
0 
0 
0 
0 
0 
0 
0 
0 
0 
0 
0 
0 
0 
0 
0 
1 
0 
0 
0 
5 
0 
0 
0 
0 
0 
0 
0 
0 
0 
0 
0 
0 
0 
0 
0 
199 
1 
1 
1 
305 
216 
774163 